1.1
1.2
1.3
1.4
1.5
1.6
1.7
1.8
1.9
1.10
1.11
1.12
1.13
1.14
1.16
1.20
1.22
1.24
1.27
1.28
1.29
1.30
1.31
1.32
1.33
1.34
1.36
1.37
1.38
1.39
1.40
1.41
1.42
1.43
1.45
1.46
1.47
4.1
4.2
4.3
4.4
4.5
4.6
4.7
4.8
4.9
4.10
3.1
3.2
3.3
3.4
3.5
3.6
3.7
3.8
3.9
3.10
11.1
11.2
11.3
11.4
11.5
11.6
11.7
11.8
11.9
11.10
innovation.catchall
15.1
15.2
15.3
15.4
15.5
15.6
15.7
15.8
6.1
6.2
6.3
6.4
6.5
6.6
6.7
6.8
6.9
6.10
6.11
6.12
1.1
1.2
1.3
1.4
1.5
1.6
1.7
1.8
1.9
1.10
1.11
9.1
9.2
9.3
9.4
9.5
9.6
9.7
9.8
3.1
3.2
3.4
3.5
3.6
3.7
3.8
3.9
3.10
3.12
3.13
3.14
3.16
2.2
2.4
2.5
2.6
2.7
2.8
2.9
2.10
2.11
2.12
2.13
2.15
2.16
7.1
7.2
7.3
7.4
7.5
7.6
7.7
7.8
7.9
7.10
4.1
4.2
4.4
4.5
4.6
4.7
4.8
4.10
4.11
14.1
14.2
14.3
14.4
14.5
14.6
14.7
14.8
14.9
14.10
